35.00 37.75
37.91 35.25
41.80 32.00
45.69 30.50
50.06 29.50
54.92 29.50
59.30 30.00
63.67 31.00
67.56 33.50
70.96 36.00
73.88 40.00
75.82 43.50
72.42 45.00
68.53 46.00
64.16 47.00
60.27 47.50
55.90 47.50
51.52 47.00
47.63 46.00
43.75 45.00
40.34 42.50
36.94 40.75
83.12 36.00
80.20 33.50
76.80 31.50
72.91 30.00
68.53 29.00
64.16 29.00
59.78 29.50
54.44 31.00
49.09 33.00
44.72 35.50
40.83 39.50
37.91 43.50
42.29 44.50
47.15 45.50
52.49 46.50
57.35 47.00
62.70 47.00
66.59 47.00
70.96 46.00
74.37 44.00
77.77 42.00
81.17 39.50